10 38
1 -19 18 7 -8 -8 15
1 -19 18 8 -22 -8 24
1 -19 18 9 -28 8 12
1 -19 18 10 -10 15 8
2 15 20 3 5 5 24
2 15 20 4 15 -15 50
2 15 20 10 -10 15 29
3 5 5 2 15 20 24
3 5 5 4 15 -15 19
3 5 5 5 5 -10 8
3 5 5 10 -10 15 25
4 15 -15 2 15 20 50
4 15 -15 3 5 5 19
4 15 -15 6 -14 -23 15
5 5 -10 3 5 5 8
5 5 -10 7 -8 -8 23
5 5 -10 10 -10 15 13
6 -14 -23 4 15 -15 15
6 -14 -23 7 -8 -8 10
6 -14 -23 8 -22 -8 27
7 -8 -8 1 -19 18 15
7 -8 -8 5 5 -10 23
7 -8 -8 6 -14 -23 10
7 -8 -8 8 -22 -8 18
7 -8 -8 10 -10 15 11
8 -22 -8 1 -19 18 24
8 -22 -8 6 -14 -23 27
8 -22 -8 7 -8 -8 18
8 -22 -8 9 -28 8 30
8 -22 -8 10 -10 15 26
9 -28 8 1 -19 18 12
9 -28 8 8 -22 -8 30
10 -10 15 1 -19 -18 8
10 -10 15 2 15 20 29
10 -10 15 3 5 5 25
10 -10 15 5 5 -10 13
10 -10 15 7 -8 -8 11
10 -10 15 8 -22 -8 26
