8 30
1 -25 -10 3 -5 0 75
1 -25 -10 5 -25 5 30
1 -25 -10 6 0 -15 78
1 -25 -10 7 25 -10 131
2 10 -20 6 0 -15 13
2 10 -20 7 25 -10 36
3 -5 0 1 -25 -10 75
3 -5 0 4 20 10 67
3 -5 0 5 -25 5 59
3 -5 0 8 0 15 35
4 20 10 3 -5 0 67
4 20 10 6 0 -15 112
4 20 10 7 25 -10 90
4 20 10 8 0 15 48
5 -25 5 1 -25 -10 30
5 -25 5 3 -5 0 59
5 -25 5 6 0 -15 90
5 -25 5 8 0 15 73
6 0 -15 1 -25 -10 78
6 0 -15 2 10 -20 13
6 0 -15 4 20 10 112
6 0 -15 5 -25 5 90
6 0 -15 7 25 -10 45
7 25 -10 1 -25 -10 131
7 25 -10 2 10 -20 36
7 25 -10 4 20 10 90
7 25 -10 6 0 -15 45
8 0 15 3 -5 0 35
8 0 15 4 20 10 48
8 0 15 5 -25 5 73
