6 30
1 -20 10 2 -20 -20 78
1 -20 10 3 5 15 40
1 -20 10 4 20 -20 150
1 -20 10 5 -30 -5 50
1 -20 10 6 25 5 70
2 -20 -20 1 -20 10 78
2 -20 -20 3 5 15 95
2 -20 -20 4 20 -20 90
2 -20 -20 5 -30 -5 61
2 -20 -20 6 25 5 120
3 5 15 1 -20 10 40
3 5 15 2 -20 -20 95
3 5 15 4 20 -20 99
3 5 15 5 -30 -5 94
3 5 15 6 25 5 35
4 20 -20 1 -20 10 150
4 20 -20 2 -20 -20 90
4 20 -20 3 5 15 99
4 20 -20 5 -30 -5 100
4 20 -20 6 25 5 80
5 -30 -5 1 -20 10 50
5 -30 -5 2 -20 -20 61
5 -30 -5 3 5 15 94
5 -30 -5 4 20 -20 100
5 -30 -5 6 25 5 101
6 25 5 1 -20 10 70
6 25 5 2 -20 -20 120
6 25 5 3 5 15 35
6 25 5 4 20 -20 80
6 25 5 5 -30 -5 101
